   1.8602432471069883E-012
   9.3971819043980184E-013
   1.0675481881875125E-012
   6.0188176782085268E-013
   2.1201890880079450E-012
   1.6099871436446339E-013
   1.2960023824130126E-012
   1.3176179505452785E-012
   1.1691040901882446E-012
   4.4200110008392032E-013
   2.0298136522825228E-012
   7.8598677915428998E-013
   8.9313291429267711E-013
   1.4760078894455028E-012
   1.4348265053314445E-012
   5.1821461186061656E-013
   1.5168165913503842E-012
   1.4952010232181182E-012
   5.0815219221283757E-013
   1.4365035752727410E-012
   1.4612869421830113E-012
   8.0182577304431240E-013
   8.6126858540804369E-013
   1.9558362337608885E-012
   3.9057095521749449E-013
   1.2149440019170153E-012
   1.2533302694622462E-012
   1.2510941762071841E-012
   1.3584266524501598E-013
   1.9979493233978893E-012
   4.5746741176476577E-013
   9.4810354014628446E-013
   9.2723333643237235E-013
   1.6772562824010821E-012
  -1.2223976461005553E-013
   1.7955828838147791E-012
   8.0052138531219291E-013
   9.2238846771307154E-013
   5.9237837148683925E-013
   1.9645942656765479E-012
   9.8388103222727624E-014
   1.3576812880318057E-012
   1.2406590743502282E-012
   1.1236368606686507E-012
   4.9231319832281515E-013
   1.9537864816104150E-012
   7.1666788824736829E-013
   8.7822562592559712E-013
   1.4989278453098883E-012
   1.2993565222956055E-012
   5.5976867818385189E-013
   1.5518487190130220E-012
   1.4174967826047140E-012
   5.0405268791189060E-013
   1.4605415777646574E-012
   1.3517183726849738E-012
   8.3350376082435734E-013
   8.3369010192894582E-013
   1.8978841502338651E-012
   2.6628143845696550E-013
   1.2291059258657413E-012
   1.1499109564156290E-012
   1.1327675747934872E-012
   1.7534697941777783E-013
   1.9358977355699192E-012
   4.0734165463045943E-013
   1.0258077807596885E-012
   8.4431154489049026E-013
   1.5865081644664830E-012
  -1.7422893279024682E-013
   1.7512337009227163E-012
   7.1834495818866476E-013
   8.9257389097891155E-013
   6.8312648942143841E-013
   1.8826041796576081E-012
   1.8503671685637980E-013
   1.4601688955554804E-012
   1.2231430105189094E-012
   1.1862474718103864E-012
   6.0579493101721117E-013
   1.9770791196839774E-012
   7.8114191043498897E-013
   9.6319716961795274E-013
   1.5257609643706321E-012
   1.2035771945371169E-012
   6.7306406977365942E-013
   1.5026546674016582E-012
   1.3224628192645795E-012
   4.9883513698341262E-013
   1.4322177298672055E-012
   1.2360005467355159E-012
   8.4580227372719824E-013
   8.0108040862595846E-013
   1.8050862801487926E-012
   2.1988250341442915E-013
   1.2440132142328213E-012
   1.0040058715228341E-012
   1.0921452139931943E-012
   1.9137231441238876E-013
   1.8013594580570225E-012
   2.3963466050081010E-013
   9.9916100280353313E-013
   7.1480447720148324E-013
   1.4829025103152774E-012
  -1.0043785537320112E-013
   1.7089342701811270E-012
   6.4343583414408802E-013
   9.4661281130957638E-013
   6.6877822436812397E-013
   1.7551468641190748E-012
   2.0106205185099073E-013
   1.4474977004434624E-012
   1.1243822250870046E-012
   1.1594143527496426E-012
   6.8964842808203588E-013
   1.8576344716427495E-012
   8.0983844054161785E-013
   1.0284165562239275E-012
   1.5227795066972161E-012
   1.2223976461005553E-012
   8.1803744914351189E-013
   1.5063814894934283E-012
   1.3507866671620314E-012
   6.0113640340249874E-013
   1.4737717961904408E-012
   1.1253139306099472E-012
   9.2499724317731053E-013
   8.2232329454904734E-013
   1.7294317916858619E-012
   2.7429410595427095E-013
   1.2564980682402506E-012
   8.6182760872180924E-013
   1.1348173269439607E-012
   2.0516155615193772E-013
   1.7963282482331332E-012
   3.1715256000962578E-013
   1.1087295723015707E-012
   7.4107857294846162E-013
   1.5162575680366188E-012
   8.0499357182231697E-014
   1.6910455241406310E-012
   6.5852946361575650E-013
   1.1333265981072527E-012
   6.9262988575545184E-013
   1.8028501868937306E-012
   3.2814668518034724E-013
   1.4474977004434624E-012
   1.0977354471308492E-012
   1.1331402570026642E-012
   7.1946300481619577E-013
   1.6578768075238781E-012
   8.2045988350316239E-013
   1.0025151426861263E-012
   1.3153818572902164E-012
   1.1497246153110405E-012
   7.6008536561648858E-013
   1.2676785345155607E-012
   1.2768092486403971E-012
   5.2604093825333352E-013
   1.3636442033786378E-012
   9.1400311800658892E-013
   9.4456305915910285E-013
   6.6039287466164145E-013
   1.5453267803524246E-012
   3.0392234158384235E-013
   1.2009684190728779E-012
   7.3902882079798818E-013
   1.1752533466396650E-012
   1.5783091558645890E-013
   1.7011079437884100E-012
   2.7653019920933292E-013
   1.1364943968852571E-012
   6.2405635926688409E-013
   1.4480567237572279E-012
   1.0975491060262608E-013
   1.5324692441358182E-012
   6.0877638869062712E-013
   1.1180466275309957E-012
   4.9268588053199212E-013
   1.6459509768302143E-012
   3.0056820170124937E-013
   1.2775546130587512E-012
   9.5220304444723133E-013
   1.1107793244520442E-012
   6.4455388077161903E-013
   1.4948283410089412E-012
   8.4617495593637521E-013
   9.3096015852414245E-013
   1.1350036680485492E-012
   1.1081705489878052E-012
   7.3660638643833768E-013
   1.0621442961544458E-012
   1.2544483160897773E-012
   4.9939416029717808E-013
   1.2645107357375563E-012
   8.9592803086150458E-013
   1.0612125906315034E-012
   6.1324857520075116E-013
   1.5654516196479826E-012
   4.8187809646585920E-013
   1.2432678498144672E-012
   7.8430970921299352E-013
   1.4208509224873071E-012
   2.6236827526060701E-013
   1.7206737597702023E-012
   4.5914448170606224E-013
   1.2548209982989542E-012
   5.7430328434175482E-013
   1.5643335730204515E-012
   1.9919864080510573E-013
   1.4549513446270024E-012
   6.4604460960832701E-013
   1.1536377785073991E-012
   3.9951532823774246E-013
   1.5524077423267876E-012
   3.3075546064458623E-013
   1.0759335378939949E-012
   8.0946575833244088E-013
   1.0349384948845250E-012
   3.9746557608726898E-013
   1.2000367135499355E-012
   7.2132641586208072E-013
   6.6486506117176549E-013
   9.1959335114424407E-013
   9.7773177577585576E-013
   6.4213144641196853E-013
   7.9772626874336543E-013
   1.2373049344676353E-012
   4.6585276147124819E-013
   1.0947539894574333E-012
   8.7598953267053510E-013
   1.0692252581288089E-012
   4.1293188776811443E-013
   1.5378731361688846E-012
   4.5206351973169926E-013
   1.1720855478616605E-012
   6.9859280110228386E-013
   1.5039590551337778E-012
   1.8224160028755230E-013
   1.6278758896851298E-012
   5.6703598126280330E-013
   1.1633275159460011E-012
   4.9082246948610707E-013
   1.6547090087458737E-012
   1.8354598801967179E-013
   1.4068753396431695E-012
   7.4145125515763869E-013
   1.2365595700492813E-012
   3.7435927911829505E-013
   1.6107325080629878E-012
   5.0442537012106757E-013
   1.0211492531449761E-012
   8.9611437196609307E-013
   1.1875518595425060E-012
   3.8423535766148555E-013
   1.2572434326586047E-012
   8.9480998423397357E-013
   6.6467872006717700E-013
   9.9058931199246222E-013
   1.1081705489878052E-012
   7.3940150300716515E-013
   7.8132825153957746E-013
   1.4765669127592683E-012
   6.1995685496593712E-013
   1.1514016852523371E-012
   1.1504699797293947E-012
   1.3090462597342075E-012
   5.4821552969936493E-013
   1.8984431735476307E-012
   7.2803469562726667E-013
   1.3893592758118507E-012
   9.3226454625626184E-013
   1.8669515268721742E-012
   3.8926656748537499E-013
   1.8485037575179128E-012
   9.4549476468204547E-013
   1.3431466818739029E-012
   6.8033137285261093E-013
   1.9707435221279685E-012
   3.0429502379301932E-013
   1.4922195655447022E-012
   9.0897190818269953E-013
   1.3198540438003405E-012
   3.8106755888348106E-013
   1.6912318652452195E-012
   6.0039103898414470E-013
   9.2891040637366891E-013
   1.0189131598899141E-012
   1.2755048609082777E-012
   3.6858270487605157E-013
   1.3172452683361015E-012
   1.0135092678568477E-012
   6.1026711752733520E-013
   1.0438828679047729E-012
   1.2162483896491349E-012
   7.6269414108072757E-013
   7.7424728956521453E-013
   1.6247080909071252E-012
   5.8567009172165330E-013
   1.1493519331018636E-012
   1.2341371356896308E-012
   1.3506003260574429E-012
   4.7721956885114667E-013
   2.0158380694383854E-012
   7.8524141473593594E-013
   1.3109096707800924E-012
   1.0157453611119097E-012
   1.9221084938303701E-012
   3.0373600047925382E-013
   1.8967661036063342E-012
   1.0330750838386400E-012
   1.3396062008867213E-012
   7.0940058516841678E-013
   2.1071452106867498E-012
   2.9926381396912988E-013
   1.4920332244401137E-012
   1.0887910741106014E-012
   1.3116550351984465E-012
   3.6560124720263561E-013
   1.8084404200313855E-012
   6.1641637397875561E-013
   8.6331833755851722E-013
   1.0921452139931943E-012
   1.2887350793340611E-012
   3.4342665575660420E-013
   1.3819056316283107E-012
   1.1704084779203640E-012
   5.9927299235661369E-013
   1.1802845564635545E-012
   1.3688617543071158E-012
   7.6343950549908161E-013
   8.6462272529063672E-013
   1.7853341230624116E-012
   5.5007894074524988E-013
   1.2283605614473874E-012
   1.3297301223435310E-012
   1.3960675555770366E-012
   4.1218652334976044E-013
   2.0873930536003688E-012
   7.7201119631015251E-013
   1.2011547601774664E-012
   1.0865549808555394E-012
   1.9021699956394008E-012
   1.7944648371872480E-013
   1.9754020497426808E-012
   1.0030741659998917E-012
   1.2548209982989542E-012
   6.7753625628378336E-013
   2.1231705456813607E-012
   2.6087754642389898E-013
   1.4325904120763824E-012
   1.1918377049480413E-012
   1.2011547601774664E-012
   3.7249586807241005E-013
   1.9349660300469766E-012
   6.0225445003002965E-013
   8.9592803086150458E-013
   1.2179254595904314E-012
   1.3282393935068229E-012
   3.5777492080991864E-013
   1.4229006746377806E-012
   1.2490444240567108E-012
   4.7162933571349173E-013
   1.2479263774291797E-012
   1.3491095972207348E-012
   6.1809344392005217E-013
   8.1449696815633037E-013
   1.7160152321554900E-012
   3.6970075150358258E-013
   1.1331402570026642E-012
   1.2235156927280864E-012
   1.2253791037739712E-012
   2.3628052061821708E-013
   2.0536653136698505E-012
   5.7616669538763976E-013
   1.0196585243082681E-012
   1.0120185390201396E-012
   1.6780016468194361E-012
  -7.9381310554700700E-014
   1.8380686556609568E-012
   7.7965118159828099E-013
   1.0315843550019321E-012
   5.7821644753811330E-013
   2.0067073553135487E-012
   5.4597943644430293E-014
   1.3312208511802388E-012
   1.1590416705404656E-012
   1.0718340335930478E-012
   3.7025977481734808E-013
   1.9938498190969422E-012
   5.5101064626819240E-013
   9.0040021737162852E-013
   1.3293574401343540E-012
   1.2989838400864286E-012
   4.2672112950766336E-013
   1.5332146085541721E-012
   1.3001018867139595E-012
   4.3305672706367235E-013
   1.3416559530371948E-012
   1.3386744953637788E-012
   6.1045345863192369E-013
   8.9872314743033206E-013
   1.7542151585961322E-012
   2.9106480536723589E-013
   1.1784211454176694E-012
   1.1726445711754260E-012
   1.1284817293879517E-012
   2.0665228498864570E-013
   2.0355902265247660E-012
   4.1237286445434892E-013
   9.7307324816114324E-013
   9.9431613408423212E-013
   1.5896759632444874E-012
  -1.0975491060262608E-013
   1.8898714827365596E-012
   7.6101707113943110E-013
   9.6245180519959880E-013
   6.8051771395719942E-013
   2.0137883172879119E-012
   5.3666238121487794E-014
   1.4769395949684453E-012
   1.2233293516234979E-012
   1.0615852728406804E-012
   4.7908297989703162E-013
   2.0272048768182836E-012
   5.8827886718589228E-013
   9.5648888985276688E-013
   1.4748898428179719E-012
   1.2380502988859892E-012
   4.6864787804007567E-013
   1.6204222455015898E-012
   1.2674921934109722E-012
   4.8690930628974859E-013
   1.4521562280581750E-012
   1.3390471775729558E-012
   7.1927666371160728E-013
   1.0073600114054271E-012
   1.8734734655327718E-012
   2.8528823112499241E-013
   1.3187359971728094E-012
   1.2607839136457862E-012
   1.1167422397988763E-012
   3.6411051836592763E-013
   2.1077042340005155E-012
   4.1591334544153039E-013
   1.0904681440518977E-012
   1.0341931304661711E-012
   1.6245217498025367E-012
  -3.3541398825929873E-014
   2.0091297896731992E-012
   7.8486873252675897E-013
   1.0170497488440291E-012
   8.7953001365771661E-013
   2.0342858387926468E-012
   1.7441527389483533E-013
   1.6852689498983876E-012
   1.3179906327544554E-012
   1.1937011159939264E-012
   6.8498990046732336E-013
   2.1231705456813607E-012
   6.7064163541400892E-013
   1.0744428090572868E-012
   1.6040242282978018E-012
   1.2350688412125732E-012
   6.2387001816229560E-013
   1.7001762382654674E-012
   1.2149440019170153E-012
   5.2082338732485554E-013
   1.4789893471189188E-012
   1.2263108092969138E-012
   6.6952358878647791E-013
   8.6965393511452621E-013
   1.7096796345994809E-012
   9.6152009967665630E-014
   1.2458766252787062E-012
   1.0841325464958888E-012
   9.4344501253157194E-013
   3.0671745815266982E-013
   1.9252762926083746E-012
   2.5547365439083252E-013
   1.0472370077873660E-012
   8.7263539278794217E-013
   1.4665044931114893E-012
  -9.8574444327316121E-014
   1.9329162778965030E-012
   6.5014411390927398E-013
   9.5201670334264284E-013
   8.2884523320964481E-013
   1.8287516004315322E-012
   8.8512024679537161E-014
   1.5838993890022440E-012
   1.0966174005033183E-012
   1.0487277366240739E-012
   6.5964751024328751E-013
   1.9562089159700655E-012
   5.4914723522230735E-013
   1.0176087721577945E-012
   1.4642683998564275E-012
   1.0479823722057200E-012
   6.1902514944299460E-013
   1.5835267067930670E-012
   1.1389168312449076E-012
   5.2250045726615201E-013
   1.5058224661796628E-012
   1.1092885956153363E-012
   6.8554892378108891E-013
   8.6164126761722066E-013
   1.6073783681803949E-012
   1.1404075600816157E-013
   1.2989838400864286E-012
   9.8686248990069212E-013
   9.6766935612807678E-013
   3.2907839070328971E-013
   1.9038470655806970E-012
   2.5398292555412454E-013
   1.2168074129629003E-012
   9.5648888985276688E-013
   1.5421589815744202E-012
   1.3565632414042747E-013
   2.0199375737393321E-012
   7.2971176556856324E-013
   1.1676133613515365E-012
   9.5686157206194385E-013
   1.9239719048762550E-012
   3.1696621890503729E-013
   1.7780668199834603E-012
   1.2073040166288868E-012
   1.1959372092489884E-012
   8.3928033506660077E-013
   1.9345933478377996E-012
   6.7846796180672588E-013
   1.1780484632084924E-012
   1.4836478747336313E-012
   1.1316495281659561E-012
   7.5878097788436908E-013
   1.5388048416918270E-012
   1.1862474718103864E-012
   6.0374517886673773E-013
   1.5525940834313761E-012
   1.0444418912185386E-012
   8.4412520378590178E-013
   9.5984302973535981E-013
   1.6362612393916123E-012
   3.0448136489760786E-013
   1.4044529052835190E-012
   9.7027813159231576E-013
   1.1463704754284476E-012
   4.0007435155150797E-013
   1.9437240619626360E-012
   3.2218376983351527E-013
   1.3170589272315130E-012
   9.5648888985276688E-013
   1.5343326551817032E-012
   2.6292729857437247E-013
   1.9461464963222865E-012
   7.3791077417045717E-013
   1.2976794523543090E-012
   8.7338075720629611E-013
   1.8960207391879802E-012
   3.8535340428901651E-013
   1.7406122579611718E-012
   1.2175527773812542E-012
   1.2850082572422910E-012
   9.9152101751540465E-013
   1.8731007833235948E-012
   8.7002661732370318E-013
   1.2956297002038356E-012
   1.4735854550858523E-012
   1.2891077615432381E-012
   9.3412795730214689E-013
   1.5563209055231460E-012
   1.3334569444353009E-012
   7.6437121102202403E-013
   1.6342114872411387E-012
   1.1055617735235662E-012
   1.1068661612556858E-012
   1.0662438004553929E-012
   1.7786258432972257E-012
   6.2796952246324257E-013
   1.6487460933990418E-012
   1.1752533466396650E-012
   1.5041453962383663E-012
   6.4362217524867650E-013
   2.1293198021327814E-012
   6.4306315193491105E-013
   1.6155773767822888E-012
   1.1074251845694513E-012
   1.7676317181265041E-012
   5.0312098238894808E-013
   2.0054029675814295E-012
   9.0990361370564205E-013
   1.4931512710676448E-012
   9.1325775358823498E-013
   1.9336616423148570E-012
   5.3591701679652392E-013
   1.6748338480414316E-012
   1.1901606350067450E-012
   1.3347613321674205E-012
   9.5462547880688183E-013
   1.7653956248714423E-012
   9.5537084322523577E-013
   1.2600385492274322E-012
   1.4113475261532936E-012
   1.3347613321674205E-012
   1.0053102592549537E-012
   1.4590508489279495E-012
   1.4689269274711398E-012
   8.8307049464489812E-013
   1.6785606701332015E-012
   1.2583614792861356E-012
   1.3632715211694609E-012
   1.0815237710316499E-012
   1.8902441649457366E-012
   7.9399944665159543E-013
   1.6740884836230775E-012
   1.1735762766983684E-012
   1.6698026382175421E-012
   7.0735083301794325E-013
   2.1015549775490949E-012
   7.4406003062187768E-013
   1.5853901178389519E-012
   9.4698549351875335E-013
   1.8224160028755229E-012
   4.9305856274116909E-013
   1.9003065845935156E-012
   9.0934459039187650E-013
   1.4849522624657507E-012
   8.4915641360979127E-013
   1.9004929256981043E-012
   6.1436662182828217E-013
   1.4978097986823572E-012
   1.1167422397988763E-012
   1.3632715211694609E-012
   7.8002386380745796E-013
   1.6821011511203832E-012
   9.9096199420163919E-013
   1.1230778373548852E-012
   1.3696071187254697E-012
   1.3302891456572964E-012
   1.0600945440039725E-012
   1.3492959383253233E-012
   1.6194905399786472E-012
   9.6785569723266526E-013
   1.6222856565474747E-012
   1.4061299752248156E-012
   1.4788030060143303E-012
   1.0431375034864190E-012
   2.0337268154788812E-012
   9.0804020265975700E-013
   1.7320405671501009E-012
   1.1992913491315813E-012
   1.8520442385050946E-012
   6.8946208697744739E-013
   2.0911198756921389E-012
   9.4288598921780648E-013
   1.5954525374867309E-012
   9.5574352543441274E-013
   1.9798742362528048E-012
   4.8336882530256718E-013
   1.8296833059544744E-012
   9.5555718432982426E-013
   1.4735854550858523E-012
   7.2822103673185526E-013
   1.8755232176832453E-012
   6.6691481332223892E-013
   1.3595446990776908E-012
   1.1743216411167226E-012
   1.4398577151553340E-012
   7.0455571644911577E-013
   1.6964494161736975E-012
   1.1035120213730927E-012
   1.0878593685876587E-012
   1.4154470304542406E-012
   1.4215962869056610E-012
   1.0899091207381323E-012
   1.2803497296275787E-012
   1.7445254211575304E-012
   9.6301082851336425E-013
   1.5626565030791549E-012
   1.4981824808915343E-012
   1.5009775974603618E-012
   9.6971910827855031E-013
   2.1690104574101316E-012
   9.5313474997017375E-013
   1.7193693720380829E-012
   1.2864989860789991E-012
   2.0272048768182836E-012
   6.8871672255909335E-013
   2.1656563175275385E-012
   1.1083568900923937E-012
   1.6027198405656824E-012
   1.0237580286092151E-012
   2.1608114488082379E-012
   5.0871121552660302E-013
   1.8464540053674392E-012
   1.0867413219601278E-012
   1.4763805716546798E-012
   6.5815678140657943E-013
   1.9439104030672247E-012
   6.8443087715355790E-013
   1.2432678498144672E-012
   1.2380502988859892E-012
   1.4616596243921885E-012
   6.9095281581415537E-013
   1.7413576223795258E-012
   1.2563117271356621E-012
   1.0358702004074675E-012
   1.4903561544988174E-012
   1.5941481497546115E-012
   1.1050027502098008E-012
   1.3574949469272172E-012
   1.9508050239369992E-012
   9.5033963340134628E-013
   1.6187451755602933E-012
   1.6047695927161559E-012
   1.5984339951601468E-012
   9.0915824928728801E-013
   2.2778336624898152E-012
   9.7065081380149273E-013
   1.6105461669583993E-012
   1.3565632414042748E-012
   2.0113658829282614E-012
   5.3535799348275847E-013
   2.1844767690909773E-012
   1.1070525023602743E-012
   1.5196117079192117E-012
   9.6394253403630688E-013
   2.1960299175754642E-012
   4.2280796631130488E-013
   1.7691224469632122E-012
   1.2261244681923254E-012
   1.4437708783516925E-012
   6.8070405506178790E-013
   2.1086359395234577E-012
   7.4163759626222717E-013
   1.2907848314845346E-012
   1.3936451212173861E-012
   1.4924059066492907E-012
   6.7790893849296043E-013
   1.8091857844497395E-012
   1.3481778916977924E-012
   9.0580410940469498E-013
   1.5332146085541721E-012
   1.6418514725292672E-012
   1.0054966003595422E-012
   1.3725885763988857E-012
   1.9972039589795353E-012
   8.2586377553622885E-013
   1.6390563559604397E-012
   1.6396153792742052E-012
   1.5876262110940139E-012
   8.4617495593637521E-013
   2.4021231792503445E-012
   9.7959518682174081E-013
   1.5594887043011505E-012
   1.4797347115372727E-012
   2.0663365087818687E-012
   4.9659904372835061E-013
   2.3247916208461170E-012
   1.0809647477178844E-012
   1.4597962133463034E-012
   1.0077326936146042E-012
   2.3003809361450237E-012
   4.3212502154072982E-013
   1.8272608715948239E-012
   1.4256957912066081E-012
   1.4161923948725946E-012
   7.8300532148087402E-013
   2.2703800183062754E-012
   7.8617312025887847E-013
   1.3750110107585362E-012
   1.5934027853362573E-012
   1.6001110651014434E-012
   7.6138975334860807E-013
   1.9193133772615426E-012
   1.4512245225352323E-012
   8.4692032035472925E-013
   1.6541499854321082E-012
   1.5978749718463814E-012
   9.0021387626704004E-013
   1.3356930376903629E-012
   1.9511777061461762E-012
   6.3970901205231802E-013
   1.5568799288369115E-012
   1.5283697398348711E-012
   1.3992353543550410E-012
   6.7492748081954437E-013
   2.3452891423508520E-012
   7.4033320853010768E-013
   1.3718432119805318E-012
   1.3759427162814786E-012
   1.8628520225712275E-012
   3.0727648146643533E-013
   2.3003809361450237E-012
   1.0142546322752016E-012
   1.3388608364683673E-012
   1.0321433783156976E-012
   2.2767156158622843E-012
   3.4957591220802466E-013
   1.8608022704207540E-012
   1.4420938084103960E-012
   1.3371837665270710E-012
   7.9828529205713099E-013
   2.3404442736315510E-012
   7.3604736312457222E-013
   1.3800422205824257E-012
   1.6964494161736975E-012
   1.5078722183301362E-012
   7.9493115217453796E-013
   1.9748430264289156E-012
   1.4469386771296970E-012
   8.4393886268131329E-013
   1.7866385107945312E-012
   1.6207949277107668E-012
   9.1959335114424407E-013
   1.4174967826047140E-012
   2.0214283025760404E-012
   5.9032861933636572E-013
   1.6459509768302143E-012
   1.5475628736074866E-012
   1.2900394670661805E-012
   6.6877822436812397E-013
   2.3251643030552940E-012
   5.7094914445916179E-013
   1.3532091015216819E-012
   1.3174316094406900E-012
   1.7663273303943847E-012
   2.4839269241646954E-013
   2.3316862417158916E-012
   9.7083715490608122E-013
   1.2941389713671276E-012
   1.1668679969331826E-012
   2.2493234734877748E-012
   3.2311547535645775E-013
   1.9787561896252739E-012
   1.4333357764947366E-012
   1.3379291309454249E-012
   8.8567927010913711E-013
   2.3266550318920023E-012
   6.9579768453345638E-013
   1.3228355014737564E-012
   1.7068845180306534E-012
   1.3004745689231364E-012
   6.9654304895181032E-013
   1.9176363073202461E-012
   1.2296649491795068E-012
   7.2598494347679324E-013
   1.6368202627053777E-012
   1.3306618278664734E-012
   7.1405911278312930E-013
   1.1737626178029571E-012
   1.8021048224753766E-012
   2.6851753171202747E-013
   1.4881200612437554E-012
   1.2831448461964061E-012
   1.0092234224513121E-012
   5.5212869289572341E-013
   2.1227978634721838E-012
   3.7380025580452954E-013
   1.2812814351505211E-012
   1.1700357957111870E-012
   1.5822223190609474E-012
   1.2000367135499354E-013
   2.2472737213373013E-012
   7.8263263927169695E-013
   1.1402212189770272E-012
   1.0902818029473093E-012
   2.0040985798493099E-012
   1.8615476348391078E-013
   1.9196860594707196E-012
   1.2510941762071841E-012
   1.1964962325627539E-012
   8.5456030564285773E-013
   2.1990113752488799E-012
   5.8511106840788774E-013
   1.2576161148677817E-012
   1.6481870700852761E-012
   1.1348173269439607E-012
   6.8163576058473043E-013
   1.8032228691029075E-012
   1.0649394127232735E-012
   6.4548558629456155E-013
   1.6105461669583993E-012
   1.1666816558285941E-012
   6.7734991517919487E-013
   1.1009032459088537E-012
   1.6507958455495151E-012
   1.3435193640830798E-013
   1.4381806452140374E-012
   1.1042573857914468E-012
   9.0748117934599155E-013
   5.3573067569193544E-013
   2.0245961013540448E-012
   2.8212043234698791E-013
   1.3366247432133053E-012
   1.1279227060741862E-012
   1.5350780196000572E-012
   1.9882595859592873E-013
   2.2692619716787441E-012
   7.4387368951728919E-013
   1.2305966547024492E-012
   1.1424573122320890E-012
   1.9569542803884194E-012
   2.5491463107706702E-013
   1.9366430999882731E-012
   1.1963098914581654E-012
   1.1346309858393721E-012
   8.7598953267053510E-013
   2.0206829381576864E-012
   4.6715714920336769E-013
   1.2115898620344223E-012
   1.4709766796216133E-012
   9.7940884571715233E-013
   6.4772167954962347E-013
   1.6187451755602933E-012
   9.0878556707811104E-013
   4.9231319832281515E-013
   1.4707903385170249E-012
   9.0058655847621701E-013
   5.8268863404823724E-013
   9.8909858315575414E-013
   1.4571874378820645E-012
   1.1199100385768807E-013
   1.3927134156944437E-012
   9.6636496839595738E-013
   9.1176702475152710E-013
   4.6902056024925274E-013
   1.9105553453458833E-012
   1.4441435605608694E-013
   1.3001018867139595E-012
   9.9431613408423212E-013
   1.3889865936026736E-012
   1.9323572545827376E-013
   2.0572057946570323E-012
   5.9405544142813572E-013
   1.2015274423866433E-012
   9.9580686292094020E-013
   1.8011731169524340E-012
   1.9863961749134025E-013
   1.8360189035104833E-012
   1.0638213660957424E-012
   1.0699706225471630E-012
   8.6779052406864116E-013
   1.8315467170003597E-012
   4.6343032711159769E-013
   1.2268698326106793E-012
   1.3546998303583897E-012
   9.6468789845466082E-013
   6.6933724768188942E-013
   1.4948283410089412E-012
   9.1381677690200043E-013
   5.4076188551582493E-013
   1.4961327287410608E-012
   8.7673489708888914E-013
   7.4443271283105465E-013
   1.0477960311011315E-012
   1.4480567237572279E-012
   2.5677804212295202E-013
   1.4545786624178255E-012
   9.4828988125087295E-013
   1.0658711182462159E-012
   5.1858729406979353E-013
   1.9111143686596485E-012
   1.8149623586919831E-013
   1.3465008217564958E-012
   9.3766843828932851E-013
   1.3466871628610843E-012
   2.4019368381457556E-013
   1.8868900250631439E-012
   4.8355516640715566E-013
   1.1795391920452005E-012
   7.9101798897817947E-013
   1.6480007289806876E-012
   1.2279878792382104E-013
   1.6375656271237317E-012
   8.5642371668874268E-013
   9.5294840886558527E-013
   7.3381126986951020E-013
   1.5537121300589070E-012
   4.2392601293883589E-013
   1.0941949661436678E-012
   1.1599733760634080E-012
   9.2238846771307154E-013
   6.4585826850373852E-013
   1.3405379064096639E-012
   8.9425096092020812E-013
   5.4747016528101089E-013
   1.4044529052835190E-012
   8.2306865896740138E-013
   8.2493207001328633E-013
   9.3505966282508931E-013
   1.4262548145203736E-012
   3.2106572320598426E-013
   1.4407894206782764E-012
   8.6741784185946419E-013
   1.1277363649695977E-012
   4.5523131850970375E-013
   1.7767624322513407E-012
   2.5864145316883702E-013
